window10multn2: 79.16666666666666%
window10multn3: 79.16666666666666%
window20multn2: 79.16666666666666%
window20multn3: 79.16666666666666%
window50multn2: 79.16666666666666%
window50multn3: 79.16666666666666%
window10multn1: 75.0%
window20multn1: 75.0%
window10mult1: 72.91666666666666%
window20mult1: 72.91666666666666%
window50multn1: 72.91666666666666%
window50mult1: 60.416666666666664%
percentage60: 41.66666666666667%
window20mult2: 37.5%
window50mult2: 37.5%
window10mult2: 35.41666666666667%
percentage70: 33.33333333333333%
interval3600: 25.0%
interval1800: 20.833333333333336%
interval900: 18.75%
percentage80: 18.75%
percentage85: 14.583333333333334%
window50mult3: 12.5%
interval2700: 10.416666666666668%
interval7200: 8.333333333333332%
window20mult3: 6.25%
percentage90: 4.166666666666666%
window10mult3: 0.0%
